1 0.0
2 0.0
3 0.9999513626098634
4 0.0
5 0.0
6 1.0000228881835938
7 0.0
8 1.3237476348876953
9 0.5398035049438477
10 0.0
11 0.9998798370361328
12 1.0010719299316406
13 0.9989976882934571
14 0.9999513626098634
15 1.0000228881835938
16 1.8138408660888672
17 1.1278867721557617
18 0.9998321533203126
19 1.001119613647461
20 1.9999265670776365
21 2.0000457763671875
22 1.0000228881835938
23 2.0001649856567383
24 1.9998788833618164
25 2.000093460083008
26 1.9999504089355469
27 2.0000219345092773
28 2.0000696182250977
29 3.125119209289551
30 1.611638069152832
31 3.0010223388671875
32 1.9999027252197268
33 3.000044822692871
34 3.000020980834961
35 2.0000457763671875
36 3.000044822692871
37 2.999997138977051
38 3.0004024505615234
39 3.8021326065063477
40 2.325749397277832
41 4.00087833404541
42 3.000020980834961
43 4.000115394592285
44 3.0000925064086914
45 5.232000350952148
46 5.411839485168457
47 4.638004302978516
48 4.00090217590332
49 4.00087833404541
50 4.100894927978516
51 4.100799560546875
52 4.300999641418457
53 4.400992393493652
54 4.501056671142578
55 4.500913619995117
56 4.57005500793457
57 4.206228256225586
58 5.000066757202148
59 5.311131477355957
60 4.902100563049316
61 5.1021575927734375
62 5.2001237869262695
63 5.301332473754883
64 5.2108049392700195
65 5.000901222229004
66 7.167530059814453
67 7.999134063720704
68 8.001112937927246
69 7.0000410079956055
70 7.000184059143066
71 7.000064849853516
72 6.000065803527832
73 6.94422721862793
74 5.61373233795166
75 6.999993324279785
76 6.000089645385742
77 7.000088691711426
78 8.00015926361084
79 6.000018119812012
80 6.844735145568848
81 6.611466407775879
82 7.001185417175293
83 7.000088691711426
84 7.999253273010255
85 8.000922203063965
86 7.999157905578613
87 8.437204360961914
88 7.114815711975098
89 7.999134063720704
90 10.000133514404297
91 8.784914016723633
92 8.01236629486084
93 7.454156875610352
94 8.00027847290039
95 7.999157905578613
96 8.001041412353516
97 13.000202178955078
98 9.256291389465332
99 8.311986923217773
