0 0.0
1 0.0
2 0.0
3 0.0
4 0.0
5 0.0
6 0.0
7 0.0
8 0.0
9 0.0
10 0.09996891021728516
11 0.0
12 0.004673004150390625
13 0.0
14 0.0
15 0.20177364349365234
16 0.2027750015258789
17 1.009225845336914
18 1.0135889053344727
19 1.654195785522461
20 3.1821727752685547
21 4.538464546203613
22 7.436609268188477
23 11.944961547851562
24 20.021820068359375
25 32.11090564727783
26 51.99077129364014
27 86.89403533935547
28 139.6733522415161
29 222.21431732177734
30 358.9761018753052
31 576.9792079925537
32 939.0388488769531
33 1509.992003440857
34 2460.9238386154175
35 3962.362027168274
36 6414.018726348877
37 10362.545466423035
38 16878.503465652466
39 27625.73266029358
40 44810.91012954712
41 72481.76090717316
42 117335.3845834732
43 189276.72176361084
44 306348.39112758636
45 495113.49573135376
46 801207.1948051453
47 1296590.3611183167
