1000 0.02316356897354126
11000 0.31863462924957275
21000 0.652055811882019
31000 1.0255326747894287
41000 1.3895273804664612
51000 1.7519370675086976
61000 2.173932600021362
71000 2.6300997018814085
81000 2.978750240802765
91000 3.3522905707359314
101000 3.795340025424957
111000 4.238519656658172
121000 4.686671304702759
131000 5.194247770309448
141000 5.607292199134827
151000 5.967545855045318
161000 6.378495991230011
171000 6.775559914112091
181000 7.149069607257843
191000 7.263763332366944
201000 7.829927062988281
211000 8.227653682231903
221000 8.86586229801178
231000 9.144554197788239
241000 9.602688694000244
251000 10.250466930866242
261000 10.890866029262543
271000 11.124057757854462
281000 11.235098111629487
291000 11.659281063079835
301000 12.380461370944976
311000 12.864786565303802
321000 13.445273077487945
331000 13.991254901885986
341000 14.598140919208527
351000 15.060621178150177
361000 14.992568349838256
