0 0
1000 21.49357795715332
21000 648.464822769165
41000 1347.805142402649
61000 2132.586431503296
81000 2911.4814281463623
101000 3777.7554988861084
121000 4678.086948394775
141000 5617.485094070435
161000 6424.175190925598
181000 7228.481459617615
201000 8049.221634864807
221000 8524.833631515503
241000 9409.890055656433
261000 10624.59282875061
281000 11530.283236503601
301000 12120.654654502869
321000 12971.530866622925
341000 13821.075534820557
361000 14600.275301933289
381000 15254.02536392212
401000 16035.347914695742
421000 17078.285098075867
441000 18180.194067955017
461000 19071.872997283936
481000 19955.872416496277
501000 20945.292234420776
521000 22110.668635368347
541000 22859.050369262695
561000 23982.721042633057
581000 25061.972737312317
601000 25915.381932258606
621000 26869.673323631287
641000 27516.940999031067
661000 28104.517340660095
681000 29064.445900917053
701000 29852.770256996155
721000 30660.451769828796
741000 31584.368801116943
761000 32347.12727069855
781000 33701.42731666565
801000 34236.796283721924
821000 35502.16488838196
841000 36556.81118965149
861000 37553.382444381714
881000 38710.01386642456
901000 39684.09938812256
921000 41018.90995502472
941000 41812.13614940643
961000 44054.73208427429
981000 46586.90598011017
1001000 48747.608613967896
1000 22.81513214111328
2000 47.54364490509033
3000 71.23112678527832
4000 102.2284984588623
5000 130.44700622558594
6000 150.99139213562012
7000 184.09357070922852
8000 222.8811740875244
9000 242.1661376953125
10000 276.9486665725708
11000 305.87923526763916
12000 330.79993724823
13000 363.11144828796387
14000 411.0133409500122
15000 435.0200414657593
16000 469.3185806274414
17000 510.8665466308594
18000 520.9553718566895
19000 563.8470411300659
20000 588.7594223022461
21000 631.4022779464722
22000 669.7601079940796
23000 674.6841430664062
24000 698.6410856246948
25000 742.3406839370728
26000 774.614953994751
27000 815.9136772155762
28000 868.3127641677856
29000 902.6700496673584
30000 950.2815961837769
31000 992.5443887710571
32000 1003.283429145813
33000 1065.905475616455
34000 1071.8546152114868
35000 1114.985203742981
36000 1143.669843673706
37000 1173.543930053711
38000 1202.5799751281738
39000 1239.545178413391
40000 1265.8495903015137
41000 1301.0547161102295
42000 1348.004174232483
43000 1363.5467052459717
44000 1389.9412870407104
45000 1475.6035566329956
46000 1548.2062816619873
47000 1573.5994577407837
48000 1630.4607391357422
49000 1633.7183475494385
50000 1687.117075920105
51000 1748.3190536499023
52000 1798.2308864593506
53000 1864.1074895858765
54000 1910.3384017944336
55000 1886.0466957092285
56000 2006.7025899887083
57000 2040.9095287322998
58000 2053.1057596206665
59000 2119.6226835250854
60000 2112.4250888824463
61000 2185.532236099243
62000 2238.385510444641
63000 2267.6366090774536
64000 2322.6085901260376
65000 2378.149390220642
66000 2364.165735244751
67000 2425.6691932678223
68000 2460.8425617218018
69000 2471.543836593628
70000 2529.314923286438
71000 2578.9621591567993
72000 2676.9784450531006
73000 2708.4899187088013
74000 2739.6172761917114
75000 2780.9294939041138
76000 2809.0946435928345
77000 2859.845781326294
78000 2914.954400062561
79000 2944.761037826538
80000 2954.3649435043335
81000 3000.2751111984253
82000 3041.5772438049316
83000 3060.0908041000366
84000 3114.401054382324
85000 3142.4038887023926
86000 3237.725567817688
87000 3226.850724220276
88000 3266.2373304367065
89000 3323.2428789138794
90000 3346.455407142639
91000 3385.760807991028
92000 3429.6703815460205
93000 3480.9566020965576
94000 3497.590970993042
95000 3525.0938177108765
96000 3562.901544570923
97000 3598.619771003723
98000 3647.019863128662
99000 3695.934796333313
100000 3748.009133338928
101000 3821.943521499634
102000 3838.4647846221924
103000 3893.7772035598755
104000 3940.6854391098022
105000 3979.3002128601074
106000 4049.992251396179
107000 4120.948815345764
108000 4167.236399650574
109000 4203.146457672119
110000 4196.442103385925
111000 4264.561986923218
112000 4304.971122741699
113000 4354.480504989624
114000 4392.588973045349
115000 4443.48042011261
116000 4519.81680393219
117000 4551.226496696472
118000 4589.257383346558
119000 4643.7456130981445
120000 4682.95636177063
121000 4743.069744110107
122000 4774.974966049194
123000 4839.303874969482
124000 4906.149697303772
125000 4924.51229095459
126000 4965.114235877991
127000 5010.127925872803
128000 5064.054441452026
129000 5101.848673820496
130000 5148.419690132141
131000 5233.68239402771
132000 5256.36293888092
133000 5297.19443321228
134000 5318.097114562988
135000 5362.11085319519
136000 5434.323525428772
137000 5461.129641532898
138000 5490.638113021851
139000 5582.437896728516
140000 5608.762860298157
141000 5657.175588607788
142000 5680.578184127808
143000 5708.987092971802
144000 5760.896992683411
145000 5805.507111549377
146000 5862.021613121033
147000 5918.730783462524
148000 5936.838507652283
149000 5965.342617034912
150000 6006.454229354858
151000 6035.21625995636
152000 6127.479815483093
153000 6142.5848960876465
154000 6189.693546295166
155000 6218.477702140808
156000 6247.408294677734
157000 6290.016007423401
158000 6322.125148773193
159000 6409.374833106995
160000 6456.3204526901245
161000 6454.056119918823
162000 6525.9729862213135
163000 6574.38108921051
164000 6596.483516693115
165000 6617.389917373657
166000 6659.1010093688965
167000 6711.3091468811035
168000 6752.423715591431
169000 6802.043700218201
170000 6873.653411865234
171000 6879.749941825867
172000 6969.1691637039185
173000 6979.27393913269
174000 7009.28213596344
175000 7027.243161201477
176000 7091.379237174988
177000 7122.90153503418
178000 7219.940257072449
179000 7197.163200378418
180000 7214.929175376892
181000 7275.743103027344
182000 7330.4540157318115
183000 7393.568277359009
184000 7417.9951429367065
185000 7172.050333023071
186000 7226.172780990601
187000 7245.615267753601
188000 7241.06969833374
189000 7185.445427894592
190000 7207.581520080566
191000 7272.170305252075
192000 7317.608571052551
193000 7441.587972640991
194000 7379.8237562179565
195000 7633.385682106018
196000 7946.442627906799
197000 7941.928195953369
198000 7936.778140068054
199000 8121.464228630066
200000 8081.016659736633
201000 8115.587377548218
202000 8165.65945148468
203000 8235.606050491333
204000 8369.46246623993
205000 8357.132887840271
206000 8361.752104759216
207000 8560.777378082275
208000 8562.777972221375
209000 8569.466519355774
210000 8484.667444229126
211000 8359.588146209717
212000 8636.365151405334
213000 8823.755931854248
214000 8877.20046043396
215000 8911.608672142029
216000 9001.360821723938
217000 9103.840112686157
218000 9158.269143104553
219000 9090.899324417114
220000 9259.63499546051
221000 9280.316615104675
222000 9322.51648902893
223000 9401.742672920227
224000 9451.204943656921
225000 9451.836776733398
226000 9432.738208770752
227000 9491.721487045288
228000 9526.64122581482
229000 9626.576375961304
230000 9636.071729660034
231000 9780.45859336853
232000 9766.411709785461
233000 9825.712084770203
234000 9843.054461479187
235000 9885.410118103027
236000 9979.068517684937
237000 9994.319128990173
238000 10076.595687866211
239000 10174.339604377747
240000 10180.092692375183
241000 10211.504578590393
242000 10219.636273384094
243000 10312.770438194275
244000 10347.500705718994
245000 10444.694662094116
246000 10476.69038772583
247000 10598.27585220337
248000 10544.540691375732
249000 10572.990655899048
250000 10610.293436050415
251000 10722.330117225647
252000 10755.242252349854
253000 10826.320147514343
254000 10875.903367996216
255000 10917.993259429932
256000 10829.583430290222
257000 10850.56939125061
258000 10919.947695732117
259000 10944.83335018158
260000 11101.548433303833
261000 11168.84970664978
262000 15270.409560203552
263000 11196.90351486206
264000 11177.345895767212
265000 11218.889546394348
266000 11269.190311431885
267000 11309.007954597473
268000 11355.52704334259
269000 11474.227571487427
270000 11523.139786720276
271000 11510.634660720825
272000 11526.368927955627
273000 11539.83199596405
274000 11610.981702804565
275000 11655.74083328247
276000 11764.789319038391
277000 11806.530690193176
278000 11890.719628334045
279000 11888.244438171387
280000 11908.858013153076
281000 11938.571381568909
282000 12007.784461975098
283000 12054.34741973877
284000 12085.589003562927
285000 12217.534494400024
286000 12176.49552822113
287000 12248.213171958923
288000 12317.041444778442
289000 12330.470728874207
290000 12379.991960525513
291000 12462.874293327332
292000 12487.539935112
293000 12484.630751609802
294000 12554.526782035828
295000 12647.595572471619
296000 12608.632469177246
297000 12688.677144050598
298000 12707.890939712524
299000 12740.96553325653
300000 12772.5182056427
301000 12831.712222099304
302000 12913.366103172302
303000 13004.176092147827
304000 13026.53443813324
305000 13050.190091133118
306000 13157.555174827576
