1000 46.5134859085083
2000 89.51122760772705
3000 136.7147922515869
4000 185.77935695648193
5000 227.97863483428955
6000 283.43563079833984
7000 330.8800220489502
8000 385.88593006134033
9000 428.20186614990234
10000 476.6249418258667
11000 531.7508459091187
12000 577.6094436645508
13000 619.403886795044
14000 665.4883861541748
15000 716.4605617523193
16000 768.960428237915
17000 839.7930145263672
18000 901.6464471817017
19000 942.6399946212769
20000 981.1715364456177
21000 1057.315969467163
22000 1055.9919357299805
23000 1161.844778060913
24000 1197.754454612732
25000 1235.1730585098267
26000 1340.8166408538818
27000 1308.4291458129883
28000 1397.9779958724976
29000 1432.7147483825684
30000 1493.19269657135
31000 1568.3931827545166
32000 1606.588077545166
33000 1641.9697761535645
34000 1710.286545753479
35000 1765.5566453933716
36000 1847.3519802093506
37000 1866.1283731460571
38000 1952.9030561447144
39000 1944.985556602478
40000 2032.9536437988281
41000 2132.073450088501
42000 2105.8571577072144
43000 2134.496593475342
44000 2267.724084854126
45000 2302.754807472229
46000 2325.834274291992
47000 2448.028349876404
48000 2405.5691957473755
49000 2499.966597557068
50000 2508.5464477539062
51000 2532.811188697815
52000 2696.013855934143
53000 2614.7186517715454
54000 2733.20574760437
55000 2868.5396432876587
56000 2947.1423625946045
57000 2922.981119155884
58000 2971.4652061462402
59000 3015.4523849487305
60000 3028.163504600525
61000 3102.1173000335693
62000 3230.2209615707397
63000 3290.6362533569336
64000 3374.944519996643
65000 3348.993968963623
66000 3545.106816291809
67000 3562.4542713165283
68000 3571.018123626709
69000 3640.507984161377
70000 3675.943660736084
71000 3851.886773109436
72000 3761.454224586487
73000 3898.665452003479
74000 4028.4956932067876
75000 4134.168291091919
76000 3979.6181201934814
77000 4185.2004289627075
78000 4151.764297485352
79000 4171.116042137146
80000 4156.113648414612
81000 4463.852000236511
82000 4356.9047927856445
83000 4432.814168930054
84000 4446.739411354065
85000 4630.53035736084
86000 4569.108319282532
87000 4694.423222541809
88000 4727.401924133301
89000 4592.316198348999
90000 4805.22027015686
91000 4855.373907089233
92000 4798.719382286072
93000 4958.554935455322
94000 5059.768319129944
95000 4912.091326713562
96000 5133.546805381775
97000 5063.692474365234
98000 5416.771245002747
99000 5321.794676780701
100000 5399.775052070618
101000 5524.0989446640015
102000 5291.152334213257
103000 5320.070099830627
104000 5350.4225969314575
105000 5621.665453910828
106000 5488.700985908508
107000 5717.764496803284
108000 5660.781288146973
109000 5780.4378271102905
110000 5727.7751207351685
111000 6046.461820602417
112000 5961.8916273117065
113000 6159.676146507263
114000 6140.764594078064
115000 6047.515869140625
116000 6343.357229232788
117000 6388.391900062561
118000 6225.00159740448
119000 6483.819484710693
120000 6374.053192138672
121000 6659.223365783691
122000 6533.863282203674
123000 6518.799424171448
124000 6788.658833503723
125000 6881.374001502991
126000 6950.700092315674
127000 6843.746304512024
128000 6961.441111564636
129000 7068.977451324463
130000 7041.402053833008
131000 7091.732883453369
132000 7272.631454467773
133000 7167.695665359497
134000 7307.787346839905
135000 7338.852858543396
136000 7430.206656455994
137000 7524.690651893616
138000 7576.864790916443
139000 7466.601896286011
140000 7669.353032112122
141000 7673.044371604919
142000 7596.153497695923
143000 7675.769805908203
144000 7912.642478942871
145000 7944.722151756287
146000 8167.392706871033
147000 7734.6999406814575
148000 8048.571968078613
149000 8118.523287773133
150000 8182.393836975099
151000 8227.591586112976
152000 8127.623248100282
153000 8326.490235328674
154000 8228.417921066284
155000 8290.643501281738
156000 8431.774473190308
157000 8227.86214351654
158000 8412.800860404968
159000 8671.671319007874
160000 8772.629880905151
161000 8613.31651210785
162000 8687.773060798645
163000 8563.658809661865
164000 8753.473162651062
165000 8722.655653953552
166000 8775.708413124084
167000 9057.28452205658
168000 9046.548533439636
169000 8975.583624839783
170000 9158.805322647095
171000 9017.722344398499
172000 8979.674482345581
173000 9575.616359710693
174000 9559.041428565979
175000 9493.496823310852
176000 9366.397762298584
177000 9628.587293624878
178000 9473.626160621643
179000 9579.667711257935
180000 9541.19701385498
181000 9822.656774520874
182000 9701.450085639954
183000 9803.569197654724
184000 9957.637023925781
185000 9761.355662345886
186000 9743.401885032654
187000 9988.755631446838
188000 9918.55502128601
189000 9993.294095993042
190000 10271.706056594849
191000 10338.11867237091
192000 10379.576873779297
193000 10327.846002578735
194000 10335.280728340149
195000 10548.2342004776
196000 10360.041975975037
197000 10610.142230987549
198000 10570.632982254028
199000 10864.564943313599
200000 10835.237836837769
201000 10530.51872253418
202000 10802.655100822449
203000 10770.393872261047
204000 10956.236624717712
205000 11012.576246261597
206000 10917.411804199219
207000 11453.220534324646
208000 11306.959223747253
209000 11409.208965301514
210000 11238.069558143616
211000 11332.879757881165
212000 11347.093915939331
213000 11467.636799812317
214000 11475.44710636139
215000 11870.67711353302
216000 11643.127536773682
217000 11903.564929962158
218000 11608.126258850098
219000 11831.093549728394
220000 11551.895427703857
221000 11932.549333572388
222000 12068.663740158081
223000 12090.946006774902
224000 11932.532668113708
225000 12117.466521263123
226000 12255.191564559937
227000 12238.548040390015
228000 12286.111497879028
229000 12497.56464958191
230000 12447.434639930725
231000 12624.311399459839
232000 12608.199548721313
233000 12517.450714111328
234000 12452.607583999634
235000 12734.319734573364
236000 12627.10874080658
237000 12622.456693649292
238000 12972.531533241272
239000 13090.016317367554
240000 13037.533903121948
241000 13222.54831790924
242000 12969.196557998657
243000 13310.351467132568
244000 13599.199104309082
245000 13643.252420425415
246000 13362.09020614624
247000 13581.727123260498
248000 13569.18978691101
249000 13488.458347320557
250000 13707.379722595215
251000 13598.137617111206
252000 13745.464396476746
253000 13958.425569534302
254000 13796.45791053772
255000 13764.10276889801
256000 13806.522297859192
257000 14306.01794719696
258000 14093.40353012085
259000 13959.918427467346
260000 16077.441215515137
261000 14207.508134841919
262000 17539.858984947205
263000 14559.418225288391
264000 14405.536150932312
265000 14507.163691520691
266000 14404.308342933655
267000 14371.445393562317
268000 14438.387322425842
269000 14838.004541397095
270000 14705.395913124084
271000 14724.41155910492
272000 14821.010732650757
273000 14912.42127418518
274000 14775.932598114014
275000 14987.556290626526
276000 15233.947277069092
277000 14833.39228630066
278000 15205.54974079132
279000 15273.77803325653
280000 15331.42409324646
281000 15406.369519233704
282000 15648.330354690552
283000 15201.213383674622
284000 15677.237796783447
285000 15444.327855110168
286000 15509.134840965271
287000 16394.928407669067
288000 15760.388326644897
289000 15926.886248588562
290000 15978.452825546265
291000 16550.446820259094
292000 16125.303077697754
293000 16084.945654869081
294000 16313.305449485779
295000 16181.506609916689
296000 16031.975221633911
297000 16219.386148452759
298000 16415.01121520996
299000 16290.212297439573
300000 16436.399602890015
301000 16356.04202747345
302000 16513.54012489319
303000 16722.95641899109
304000 16573.05817604065
305000 16663.402676582336
306000 16691.64869785309
307000 16531.35621547699
308000 16691.50664806366
309000 16881.143951416016
310000 16807.945609092712
311000 16781.324529647827
312000 16833.932995796204
313000 17195.26026248932
314000 17337.221240997314
315000 17101.268076896667
316000 16924.116730690002
317000 17305.479335784912
318000 17542.603850364685
319000 17356.41107559204
320000 17752.93252468109
321000 17430.36503791809
322000 17549.563312530518
323000 17562.674069404602
324000 17701.93223953247
325000 17782.129216194153
326000 17697.697234153748
327000 17539.806532859802
328000 17842.00315475464
329000 18148.233294487
330000 18289.033222198486
331000 18334.01517868042
332000 18125.973296165466
333000 17843.325519561768
334000 18194.23370361328
335000 18088.91921043396
336000 18336.20548248291
337000 18860.19015312195
338000 18828.08084487915
339000 18336.515164375305
340000 18558.734965324402
341000 18276.87499523163
342000 18984.066247940063
343000 18688.66698741913
344000 19082.544016838074
345000 18940.030694007874
346000 18943.98663043976
347000 18806.77306652069
348000 18783.282923698425
349000 18823.87900352478
350000 19123.23706150055
351000 18954.22270298004
352000 19210.475945472717
353000 19429.209661483765
354000 19518.56060028076
355000 19282.53128528595
356000 19437.632870674133
357000 19340.396213531494
358000 19492.880964279175
359000 19589.93639945984
360000 19712.846446037292
361000 19517.155933380127
362000 19626.0440826416
363000 19909.13348197937
364000 19849.20871257782
365000 19606.863403320312
366000 19987.193059921265
367000 19755.65505027771
368000 19836.139750480652
369000 20049.986720085144
370000 20085.154366493225
371000 20096.732568740845
372000 20179.213571548462
373000 20377.093243598938
374000 20624.908804893494
375000 20443.890237808228
376000 20306.034660339355
377000 20293.369579315186
378000 20380.04012107849
379000 20479.41801548004
380000 20743.933844566345
381000 21069.243478775024
382000 20735.47649383545
383000 21346.792936325073
384000 20710.187220573425
385000 20660.23700237274
386000 20748.816466331482
387000 21150.06582736969
388000 21035.748839378357
389000 21353.893160820007
390000 21263.507413864136
391000 21282.897424697876
392000 21105.39164543152
393000 20921.7915058136
394000 20851.427030563354
395000 21281.544995307922
396000 21399.15428161621
397000 20907.879304885864
398000 21250.086092948914
399000 21523.780584335327
400000 21131.816363334656
401000 21132.153010368347
402000 21779.16991710663
403000 21111.794567108154
404000 21482.762598991394
405000 21948.699164390564
406000 21873.555755615234
407000 21565.812492370605
408000 21814.627408981323
409000 21792.58825778961
410000 21803.640699386597
411000 21945.560812950134
