1000 687.2688293457031
21000 285044.24600601196
41000 1083927.8806686401
61000 2378667.7867412567
1000 673.589301109314
2000 2682.1502208709717
3000 6014.911198616028
4000 10490.541529655457
5000 16315.519452095032
6000 24309.138011932373
7000 32960.66427230835
8000 43637.054228782654
9000 55400.87983608246
10000 68268.16194057465
11000 82600.00104904175
12000 98353.7868976593
13000 115355.88965415955
14000 132703.90315055847
15000 153055.579328537
16000 175102.2510766983
17000 197943.2350873947
18000 221740.12269973755
19000 246915.96038341522
20000 273476.50678157806
21000 302301.56123638153
22000 331341.2884235382
