1000 570.2875852584839
2000 2272.3259449005127
3000 5173.716425895691
4000 9038.591456413269
5000 14315.562725067139
6000 20826.376914978027
7000 28213.80202770233
8000 36838.53938579559
9000 47855.63130378723
10000 59558.25800895691
11000 71816.97821617126
12000 85281.43064975739
13000 100937.26227283478
14000 115972.33996391296
15000 131861.2370967865
16000 150558.69493484497
17000 169834.78903770447
18000 190177.0435810089
19000 211601.97563171387
20000 234222.70574569702
21000 257457.63688087463
22000 282763.6384963989
23000 309552.9387950897
24000 336676.57227516174
25000 367852.33306884766
26000 393845.0980901718
27000 424569.6542978287
28000 452538.2564306259
