1 0.0
10001 2.3015499114990234
20001 7.601046562194824
30001 14.303946495056152
40001 21.32542133331299
50001 32.45058059692383
60001 44.182753562927246
70001 60.71455478668213
80001 76.37598514556885
90001 91.34583473205566
100001 108.23941230773926
110001 132.56514072418213
120001 155.12332916259766
130001 182.00433254241943
140001 213.8866662979126
150001 235.1536512374878
160001 271.4033365249634
170001 317.1868085861206
180001 348.54087829589844
190001 370.4248905181885
200001 417.5037384033203
210001 456.8592309951782
220001 515.9605026245117
230001 560.6946229934692
240001 597.5713491439819
250001 659.0146064758301
260001 705.9234619140625
270001 746.4641094207764
280001 821.3934421539307
290001 899.5951652526855
300001 930.1460981369019
310001 985.2655649185181
320001 1065.0341510772705
330001 1127.1024465560913
340001 1194.850468635559
350001 1295.567274093628
360001 1324.4857549667358
370001 1419.3944931030273
380001 1506.8665742874146
390001 1572.5366830825806
400001 1667.8608417510986
410001 1756.9891691207886
420001 1821.201491355896
430001 1892.4205780029297
440001 1973.3270645141602
450001 2088.419008255005
460001 2159.5460414886475
470001 2237.04297542572
480001 2374.485659599304
490001 2452.2847414016724
500001 2580.9667587280273
510001 2659.5133304595947
520001 2729.9811601638794
530001 2810.3127241134644
540001 2920.043992996216
550001 3052.906346321106
560001 3143.6740159988403
570001 3257.4432849884033
580001 3362.854552268982
590001 3451.8945455551147
600001 3739.7361993789673
610001 3878.9965629577637
620001 4030.7611227035522
630001 4144.43142414093
